3844 2688
3606 2844
3934 2595
3991 3069
3979 2530
3509 3349
3745 3468
3539 3243
3889 3447
3891 3322
3654 2505
3782 3082
3671 2803
3858 2975
3881 3458
3989 2970
3713 3062
3993 2704
3538 2542
3649 2869
10 10
3897 3256
3848 2800
3609 2769
3757 3316
3517 3392
3941 3164
3790 3241
3746 2797
3823 3366
3620 3122
3526 3035
3686 2761
3647 2977
3959 2605
3581 2917
3812 2909
3920 3223
3688 3304
3533 2839
4000 2618
3879 2593
3857 2767
3875 3333
3870 2666
3764 3314
3506 3298
3691 3166
3530 3239
3665 3156
3819 2780
3869 2930
3789 2740
3550 3277
3546 2793
3619 3351
3768 2564
3831 3251
3914 2936
3595 3445
3643 3151
3902 2547
3822 3498
3867 2508
3528 3064
3690 3300
3842 2806
3933 2718
3836 3197
3931 3311
3511 3015
3932 3398
3820 2905
3878 2764
3809 2744
3547 3127
3766 3258
3593 3455
3601 2852
3637 2895
7198 3600
3930 2640
3814 3095
3696 3221
3699 3437
3661 2503
3535 3077
3871 2748
3815 3218
3970 3028
3927 3457
3846 2614
3813 3110
3592 2941
3644 2762
3555 3080
3860 3141
3893 2945
3854 3198
3960 2787
3634 3107
3863 3129
3825 3335
3734 2881
3515 3157
3658 2861
3668 2860
3900 2647
3646 2792
3656 3387
3629 2978
3750 2953
3992 3038
3965 3030
3788 3348
3700 3701
3732 2590
3677 2831
3967 2511
3915 2687
3802 3388
3718 2856
3571 2907
3739 2904
3594 3434
3673 2602
3502 2876
3981 2935
3748 3005
3733 3334
3707 3448
3518 3467
3943 3153
3969 3130
3653 2984
3559 2781
3797 2855
3948 3428
3521 3310
3628 2678
3884 3175
3610 3083
3557 3046
3938 2931
3935 2982
3894 2776
3896 2758
3648 3390
3962 3034
3806 3160
3895 2561
3883 3415
3700 3700
3832 2567
3921 2959
3558 3368
3603 3432
3940 3068
3730 3125
3787 3463
3720 2804
3584 2732
3771 3215
3569 2689
3818 2681
3975 2558
3801 2683
3639 2734
3741 2657
3586 3440
3874 3173
3652 2712
3552 2523
3988 3269
3866 3148
3693 3376
3698 3373
3607 3056
3758 2725
3954 3099
3618 3000
3961 3479
3978 3089
3682 3154
3662 2886
3795 2883
3798 2644
3597 3058
3599 3441
3567 2716
3847 2840
3926 3169
3735 3078
3598 3250
3946 3092
3765 3470
3510 2609
3525 2923
3576 3191
3664 3168
3709 3350
3827 2620
3556 3324
3589 2873
3585 3411
3862 3326
3600 2639
3630 2638
3505 2604
3807 3183
3776 2958
3973 3231
3791 2724
3853 3233
3524 2709
3830 2520
3504 3485
3580 2539
3545 2566
3845 2533
3980 3178
3700 3443
3570 3391
3964 3325
3775 3190
3828 3061
3516 2711
3544 3385
3794 2962
3632 3438
3604 3119
3987 2723
3724 2757
3784 2979
3901 2827
3684 2673
3995 3466
3626 2628
3625 3051
3667 2513
3833 3278
3837 2706
3977 3066
3683 3040
3909 3260
3916 2755
3957 3091
3773 2607
3811 3149
3849 2754
3761 2750
3541 3023
3753 3402
3873 3306
3527 3381
3919 3417
3549 2838
3752 3189
3939 3338
3885 2880
3694 2835
3796 3354
3756 3454
3947 2892
3913 3406
3841 2815
3706 2719
3872 2619
3983 3317
3749 2634
3976 2576
3760 3207
3738 3462
3994 2550
3840 2572
3591 3109
3785 2668
3800 3275
3624 2817
3501 3185
3955 3497
3774 3483
3781 3492
3611 2864
3808 3276
3723 3270
3675 3217
3660 3102
3780 3227
3666 2893
3851 2910
3655 3456
3672 2915
3575 3364
3623 2955
3714 3081
3924 2993
3551 2532
3712 3008
3622 2818
3716 2611
3542 2768
3944 2648
3917 3205
3561 3442
3554 3124
3952 2599
3826 3037
3990 2650
3621 2837
3577 2875
3904 2925
3772 2707
3633 3377
3799 3242
3564 3112
3565 3248
3835 3426
3852 2726
3676 3084
3817 3114
3663 2557
3956 2968
3534 2642
3568 3336
3922 3379
3583 3144
3635 3253
3923 3134
3890 2760
3876 2518
3805 2722
3708 3113
3824 2705
3864 3353
3692 2865
3951 3022
3936 3281
3717 2922
3678 2698
3728 3224
3759 2884
3877 2536
3786 3073
3548 2655
3839 3048
3685 2680
3563 3009
3715 2957
3631 3116
3651 3201
3816 2862
3803 3427
3608 2990
3958 3025
3689 3055
3762 3424
3778 2961
3562 2626
3792 3186
3974 3047
3512 3362
3743 2694
3531 2515
3615 2791
3572 3232
3838 3007
3669 2600
3536 2773
3859 2507
3529 3477
3687 3171
3617 3399
3998 2509
3925 3403
3596 3264
3908 3145
3911 3444
3710 3245
3892 2543
3519 3152
3985 3017
3747 3473
3726 2756
3737 2954
3722 3098
3537 3274
3976 1989
7202 3602
3727 3408
3513 2878
3942 2867
3731 3052
3573 2686
3582 2556
3821 3318
3740 3237
3903 2735
3725 3345
3736 3490
3520 3174
3888 2911
3742 2950
3810 3313
3886 2541
3783 3361
3907 2774
3627 2585
3659 2736
3560 3211
3605 2545
3695 3332
3522 2662
3566 3460
3719 3308
3950 3216
3905 3395
3963 3161
3972 2661
3928 3060
3769 2956
3918 2646
3912 2819
3856 3365
3937 2825
3754 2833
3986 2568
3578 3495
3614 3079
3906 3372
3705 3480
3616 2699
3574 3414
3588 3155
3674 3323
3645 3027
3657 3378
3777 3357
3670 2788
3507 3254
3680 3436
3829 3452
3703 3261
3553 2637
3590 3487
3640 3093
3700 3702
3804 2701
3865 3405
3982 3301
3602 2896
3697 2898
3751 2810
3636 2763
7200 3601
3770 2814
3887 2703
3711 2617
3929 2594
3850 3200
3704 3042
3523 3044
3949 2675
3702 2998
3984 2939
3763 3076
3579 2623
3679 2697
3638 2759
3861 2544
3767 3229
3999 2987
3681 3302
3855 2598
3540 2853
3612 2851
3882 2924
3613 3297
3514 2778
3650 3204
3503 2932
3953 3128
3880 3147
3779 2829
3744 2879
3834 2583
3843 3386
3641 2521
3508 2562
3543 2872
3910 2528
3868 2963
3968 2526
3587 2752
3945 3138
3996 3393
3793 3266
3898 2992
3701 2889
3721 3246
3532 2739
3642 2849