143136
195534
111841
148749
152305
157830
175911
120942
172729
119201
158529
199270
175365
186200
147208
109828
185894
140976
112636
126409
110139
168935
197506
192240
137947
172130
105655
198061
177017
134941
199705
144777
143522
104144
183549
169005
195206
137880
102466
137195
173463
153210
192073
146036
160016
166482
182110
153241
162159
168079
190723
162891
185518
196360
180048
166142
123333
141974
166983
154307
182594
113898
192708
197525
135354
164905
100574
199231
143755
170737
101397
184148
132677
173113
139779
136659
141880
130359
118323
113244
169540
199187
158267
172489
144039
176083
171408
193888
137917
140385
175310
181796
153020
146271
173517
156887
151510
122823
120171
101232