7193 1004 1005 1002
6521 1003 2428 1005
1005 1001 1003 1007
1009 1000 1005 1000
1006 1003 1000 6065
1001 1001 5401 1008
1009 1002 1000 1008
1004 1000 1002 1000
1000 1004 1003 1002
1003 1002 1005 1004
1002 1009 1001 1007
1000 1006 1005 1003
1002 1007 1004 1004
1000 1008 1001 1006
1003 1008 1007 3644
1009 1008 1007 1000
1000 1002 1004 1007
1007 1005 1008 1002
8214 1005 1000 7742
9581 1005 1008 1006
1004 1004 1005 1006
1001 1009 1003 1008
1007 1008 1002 1009
1004 1002 1007 1008
1002 8528 1002 1001
7324 1008 1009 1009
1002 1000 1004 7456
1007 1001 1002 1009
1008 1006 1001 1000
1008 1007 1009 1002
4159 1005 1005 1007
1000 7874 1000 1000
1000 1003 1001 1009
1007 1005 1009 1001
1003 1000 1004 1006
1003 1007 1009 1003
1001 1005 1008 1007
4855 1009 1000 1000
1003 1001 1004 1000
1008 1003 1005 1001
1003 1006 1000 1007
1006 1001 1000 1008
1009 1009 1005 1001
1005 1001 1002 6122
1002 1006 9663 1002
1009 1002 1006 1001
1004 1008 1005 1007
1006 1001 1001 9959
1002 1000 1007 1000
1005 1009 2752 5660