87 23 55 30
52 33 38 86
77 45 34 61
36 36 94 20
33 44 42 53
10 55 48 71
28 43 52 10
18 73 25 98
19 94 43 29
77 23 54 68
15 88 77 50
92 99 47 84
53 97 16 89
70 18 66 81
47 75 37 65
78 17 21 85
83 46 64 82
19 65 78 17
40 31 23 57
49 40 22 46
24 75 16 39
30 17 35 80
27 66 16 52
88 15 82 32
96 68 21 10
18 59 42 74
61 38 39 22
99 12 57 70
64 93 63 87
49 26 31 23
34 54 47 51
77 70 86 44
72 22 13 44
72 86 36 95
28 50 13 51
47 67 11 22
45 12 97 30
37 82 44 20
56 63 75 43
49 65 60 76
69 54 89 98
81 72 90 25
38 11 21 67
14 90 85 60
37 79 24 42
89 58 41 37
45 83 26 11
76 40 40 92
16 82 60 45
93 19 19 88
63 69 85 33
12 92 15 34
59 85 13 98
96 39 11 73
18 30 27 49
11 89 35 55
62 74 27 51
69 67 42 64
68 84 43 48
92 97 55 28
81 59 98 20
81 84 91 61
58 54 13 69
15 34 66 70
13 26 38 53
27 95 86 35
88 30 93 68
31 83 52 80
24 31 26 32
14 99 62 35
14 17 74 23
40 75 64 12
38 79 22 59
65 32 71 96
76 95 29 35
78 63 21 71
29 95 20 83
25 33 62 90
56 21 41 57
87 97 87 91
74 50 45 12
56 79 20 33
31 41 80 32
46 71 28 76
36 42 25 61
50 93 41 72
56 60 91 32
19 53 66 18
25 58 90 17
46 28 26 29
34 41 48 15
37 73 27 46
99 24 96 84
58 94 39 14
80 62 79 67
39 24 43 16
78 14 91 44
94 73 48 57
29 36 51 10